일부 30개 #####################
with [[6.57, 4.87, 0.3 , 0.81],
       [1.57, 7.63, 3.47, 1.82],
       [1.78, 4.92, 3.14, 0.75],
       [8.73, 0.61, 7.68, 9.77],
       [6.49, 1.11, 4.29, 3.05],
       [0.2 , 3.21, 0.05, 0.88],
       [4.87, 7.17, 3.82, 4.73],
       [0.28, 9.94, 1.92, 9.87],
       [5.13, 0.41, 1.09, 2.06],
       [8.79, 7.33, 4.95, 4.37],
       [1.88, 0.88, 5.99, 7.77],
       [2.24, 2.59, 6.96, 7.56],
       [4.69, 0.51, 3.09, 0.82],
       [9.95, 7.34, 2.38, 9.48],
       [7.2 , 8.11, 2.06, 8.13],
       [8.06, 9.58, 0.88, 1.19],
       [2.02, 7.06, 4.49, 6.64],
       [1.9 , 1.53, 9.39, 0.36],
       [8.78, 3.37, 7.91, 5.38],
       [9.61, 5.05, 6.75, 1.47],
       [3.21, 3.05, 5.98, 5.79],
       [2.82, 4.01, 1.61, 2.38],
       [0.76, 2.98, 1.72, 1.49],
       [6.14, 4.28, 2.79, 4.05],
       [6.55, 9.19, 4.24, 6.66],
       [6.92, 7.19, 4.15, 0.85],
       [9.78, 6.4 , 3.16, 4.82],
       [3.93, 9.41, 1.5 , 3.5 ],
       [2.43, 8.33, 4.52, 6.64],
       [3.67, 1.46, 5.81, 3.48]] as data_list

UNWIND data_list AS data
CREATE (:vector:dataset1 {data: data})

일부 20개 #####################
with [[1.04, 9.38, 1.33, 2.69],
       [5.19, 9.81, 2.69, 1.36],
       [4.69, 4.73, 8.17, 1.91],
       [6.15, 0.52, 8.17, 8.43],
       [3.67, 2.21, 8.39, 4.01],
       [1.74, 0.74, 8.61, 7.79],
       [0.1 , 0.86, 4.56, 9.66],
       [9.83, 2.76, 7.49, 2.65],
       [5.62, 4.02, 0.82, 1.96],
       [4.29, 8.68, 3.43, 2.26],
       [6.26, 5.04, 6.56, 9.65],
       [5.27, 9.13, 1.79, 7.99],
       [4.35, 3.11, 6.53, 1.55],
       [4.5 , 0.15, 6.68, 6.15],
       [7.68, 9.61, 7.5 , 9.74],
       [5.32, 4.98, 3.47, 7.56],
       [8.2 , 8.67, 1.68, 4.17],
       [9.52, 9.54, 0.14, 1.15],
       [9.75, 6.15, 8.27, 9.98],
       [1.21, 7.35, 0.93, 2.53]] as data_list

UNWIND data_list AS data
CREATE (:vector:dataset2 {data: data})

일부 20개 ###################

with [[9.88, 2.62, 2.33, 4.25],
       [3.25, 2.87, 6.1 , 8.5 ],
       [4.52, 6.22, 3.96, 4.22],
       [2.66, 2.35, 5.24, 3.57],
       [7.55, 7.8 , 2.47, 4.46],
       [4.23, 2.96, 4.64, 9.11],
       [4.7 , 3.32, 4.75, 7.44],
       [6.7 , 7.58, 3.01, 3.21],
       [5.8 , 7.43, 5.27, 3.8 ],
       [7.76, 2.99, 0.69, 3.51],
       [0.6 , 1.82, 7.41, 1.44],
       [1.13, 6.53, 5.94, 4.81],
       [3.92, 9.68, 4.12, 6.4 ],
       [9.82, 1.22, 3.74, 1.91],
       [9.38, 5.06, 8.04, 1.54],
       [0.2 , 2.82, 1.06, 6.26],
       [4.27, 4.11, 5.66, 6.33],
       [6.59, 2.22, 6.57, 3.69],
       [6.23, 5.58, 7.89, 1.81],
       [7.12, 8.58, 7.54, 9.18]] as data_list

UNWIND data_list AS data
CREATE (:vector:dataset3 {data: data})

일부 10개 ###################

with [[1.91, 1.63, 3.57, 4.38],
       [1.83, 9.8 , 0.75, 8.48],
       [8.83, 5.12, 1.71, 1.49],
       [7.93, 5.68, 0.38, 9.76],
       [1.61, 6.98, 6.52, 5.19],
       [0.84, 8.3 , 4.56, 4.69],
       [3.16, 0.22, 0.93, 0.35],
       [4.43, 7.02, 8.24, 3.51],
       [9.3 , 1.04, 3.72, 4.97],
       [2.4 , 4.18, 4.39, 7.07]] as data_list

UNWIND data_list AS data
CREATE (:vector:dataset4 {data: data})